91
6
15
88
24
84
94
32
95
80
43
73
82
75
31
96
17
58
24
64
31
56
17
57
15
89
87
24
70
58
93
15
65
64
86
65
41
53
75
46
45
48
65
56
22
20
96
37
85
35
37
38
89
90
75
36
89
58
73
35
98
71
63
38
88
29
9
18
90
66
56
64
83
79
19
84
92
62
35
95
94
50
39
36
21
56
26
75
90
51
77
84
81
40
49
74
85
27
69
94
12
79
48
20
80
73
55
11
72
91
45
28
23
78
42
48
33
28
18
32
3
34
28
40
90
72
84
44
31
45
99
65
93
42
84
15
2
19
56
49
1
16
4
99
7
50
61
3
99
1
42
58
10
37
92
79
51
9
31
8
90
12
81
27
93
80
35
82
95
27
47
14
72
69
32
88
30
30
34
41
12
81
45
30
4
41
56
57
51
5
65
93
89
49
59
89
35
78
7
27
15
79
9
73
55
28
87
41
6
4
50
21
76
91
96
9
68
51
24
52
24
78
32
90
62
54
25
23
11
43
53
52
23
7
26
33
73
72
76
76
55
16
51
47
56
44
17
99
54
50
22
85
55
56
4
37
48
19
12
1
3
64
31
63
52
98
99
70
65
63
37
96
76
48
97
9
27
86
34
18
38
27
70
61
22
69
98
68
3
89
86
54
61
76
73
91
86
89
95
59
46
48
34
91
14
26
10
7
59
95
10
63
86
94
64
77
95
70
42
84
100
31
67
77
78
83
36
100
76
7
24
39
91
76
73
90
93
80
47
97
59
91
10
9
79
23
68
68
13
96
97
16
48
11
59
16
81
57
13
31
90
10
32
53
72
72
72
11
21
74
84
16
24
45
25
9
22
59
99
56
15
69
88
80
10
9
92
80
17
57
10
36
67
16
7
50
60
57
37
7
52
58
47
39
12
81
93
3
87
50
95
23
59
58
17
22
22
53
43
64
80
92
95
65
65
49
49
8
39
76
50
65
23
92
5
58
23
49
68
30
16
89
94
67
63
88
78
10
100
86
28
7
15
73
28
60
64
83
75
64
33
85
65
12
1
31
100
68
54
59
100
74
86
14
48
92
99
28
2
77
72
40
8
53
48
44
51
50
65
45
95
40
75
4
98
32
25
83
67
33
88
10
57
41
87
55
22
2
26
37
61
36
81
98
93
93
77
12
64
57
81
51
4
9
65
60
99
82
17
17
67
17
62
69
90
62
83
68
67
94
23
49
24
29
85
59
60
77
11
5
55
13
19
10
53
37
7
49
76
27
56
40
85
9
70
45
75
12
9
32
11
10
46
71
35
32
27
75
24
7
1
23
72
12
62
54
98
52
17
54
55
35
92
40
38
84
65
15
59
41
85
48
69
80
94
46
68
49
76
22
10
32
25
70
27
34
69
74
48
16
47
23
96
55
77
76
19
6
34
52
68
12
17
84
22
53
54
92
18
17
87
50
77
95
44
23
11
22
14
4
16
91
68
44
95
62
52
14
3
19
27
63
15
25
55
98
16
42
48
75
80
77
56
31
29
97
47
2
11
54
66
97
93
30
37
77
45
73
90
61
2
41
90
100
90
25
35
52
41
47
8
70
74
40
25
39
36
37
15
98
16
51
4
49
53
31
70
86
89
79
54
44
52
88
73
40
88
56
42
5
62
95
62
65
47
97
23
54
5
98
41
8
59
92
46
52
38
41
48
60
55
49
64
62
94
64
18
87
67
85
52
81
96
10
37
21
90
39
2
57
8
17
82
92
39
46
85
61
43
22
3
47
9
82
51
13
32
100
72
83
80
37
87
20
46
61
12
49
55
25
62
99
39
91
53
38
68
73
24
48
80
57
44
45
83
6
72
15
60
24
90
91
68
19
77
71
30
62
46
78
34
37
6
18
60
5
9
18
30
13
45
59
76
24
4
23
94
43
38
41
89
98
89
32
36
72
31
20
14
82
9
7
28
46
15
43
52
26
85
79
97
55
85
48
80
31
15
44
16
55
78
88
24
6
90
36
48
75
83
89
74
89
4
48
4
39
32
30
10
62
72
68
58
59
44
35
14
42
53
5
58
88
5
60
5
22
83
22
57
79
95
77
43
97
6
9
51
37
44
41
99
85
35
54
84
10
31
65
62
56
23
7
23
78
31
87
85
45
44
83
56
10
74
32
67
95
25
61
54
36
84
77
98
12
6
73
53
51
77
96
91
18
61
2
56
89
55
66
67
20
25
7
94
61
86
90
12
4
88
89
85
70
12
27
72
47
9
12
72
59
