34
34
68
49
92
39
50
72
77
79
41
60
95
35
11
78
83
37
27
17
61
50
64
88
11
22
7
34
30
9
80
44
94
8
86
92
39
46
70
48
40
40
27
9
49
25
76
77
16
95
65
72
86
55
98
85
70
81
38
71
32
17
43
69
99
98
66
87
49
20
39
37
68
80
78
21
23
56
40
86
46
30
18
35
44
8
59
40
11
2
22
59
9
99
16
24
98
59
10
52
60
89
29
97
56
28
4
6
78
77
62
15
41
52
25
3
99
8
25
92
39
27
77
47
98
81
29
70
64
55
24
64
46
89
27
57
2
22
80
16
4
53
62
34
41
8
18
57
74
13
25
90
35
19
13
33
13
82
99
76
100
35
43
24
54
98
69
53
25
68
2
78
29
9
88
87
65
43
7
91
64
72
96
52
30
34
30
28
76
94
45
21
24
4
17
70
11
39
81
43
39
65
33
7
12
48
62
27
31
26
69
70
75
8
13
29
40
92
94
20
69
42
78
32
24
82
55
25
92
19
77
27
63
64
52
99
40
90
40
83
73
4
97
50
26
75
46
16
92
89
30
20
45
61
75
98
88
1
83
31
93
37
35
13
50
42
8
12
57
14
89
50
52
12
47
66
46
28
6
50
36
39
34
4
89
58
83
2
90
55
12
39
8
9
90
37
70
84
1
84
68
35
59
79
100
81
68
34
15
10
53
61
95
34
95
55
3
31
24
93
60
6
22
3
3
51
43
44
22
11
96
62
27
23
82
2
80
56
5
9
90
50
88
80
2
51
44
75
14
36
34
39
60
9
25
62
13
57
77
49
38
25
12
4
14
91
34
73
52
94
75
48
27
16
3
11
18
43
1
52
8
69
30
87
78
58
2
19
98
21
90
24
80
56
71
66
39
84
66
11
18
71
23
21
62
86
12
45
6
15
45
70
57
25
42
69
95
25
27
57
90
16
76
32
4
51
69
72
45
37
72
34
77
90
34
37
46
9
26
92
46
57
13
84
76
20
68
55
14
2
71
14
58
10
22
3
96
92
18
11
17
41
1
70
43
11
94
67
91
6
24
87
100
35
11
33
3
93
56
84
84
15
59
43
66
59
77
67
68
32
42
55
92
15
76
6
57
44
41
66
27
1
64
8
79
85
14
24
100
89
100
4
37
34
28
3
82
58
4
84
34
27
99
60
65
70
96
86
60
5
77
60
52
90
57
84
52
51
64
82
45
54
68
79
33
39
18
58
88
73
24
99
40
57
32
1
2
5
44
10
89
29
64
95
13
40
52
47
77
44
51
32
95
22
40
81
59
20
27
26
52
38
99
87
82
78
20
95
58
57
82
48
7
55
93
17
90
73
67
93
87
71
81
44
23
93
5
19
18
51
42
82
78
18
58
52
31
78
14
35
21
58
89
21
63
4
25
41
29
23
92
86
54
35
40
81
57
55
65
89
74
2
77
7
15
100
70
90
97
42
86
13
60
32
73
29
82
61
82
19
69
64
90
95
60
56
29
44
79
77
95
76
13
25
61
20
81
82
7
63
35
36
45
88
37
79
26
22
62
11
100
97
74
46
21
11
12
82
48
59
72
26
12
20
48
11
100
36
71
53
49
100
54
20
85
34
20
3
58
82
30
7
82
68
78
98
3
67
4
51
8
99
35
48
91
9
24
25
40
27
80
91
52
9
63
100
44
55
62
88
91
10
24
67
29
66
45
44
42
51
8
33
33
20
46
50
65
7
29
77
10
95
64
32
2
40
56
73
5
79
55
49
6
16
61
99
75
69
19
26
64
81
84
90
19
47
59
32
64
13
35
37
26
86
79
96
47
93
65
90
11
72
39
64
97
60
28
17
60
47
75
97
88
4
13
29
12
74
13
56
82
24
10
93
44
18
23
21
38
65
53
82
5
30
16
93
42
21
94
59
20
42
72
17
39
39
50
23
73
50
85
73
81
9
8
87
63
47
20
79
38
7
79
96
95
93
92
58
89
20
88
92
81
54
37
40
53
93
54
6
68
1
48
89
81
81
2
97
23
29
31
95
1
15
22
13
64
77
23
46
47
93
34
53
63
93
93
27
72
69
34
70
93
14
12
37
60
91
16
15
92
96
36
60
90
93
91
66
33
25
77
77
71
9
60
76
67
95
27
88
88
75
25
55
96
61
2
88
3
85
53
73
61
8
55
52
58
75
64
70
2
27
95
48
92
58
99
85
55
37
71
65
65
28
27
17
72
81
65
29
91
4
64
48
73
4
16
64
54
9
